{
  "config": {
    "name": "TestVehicle",
    "body": {
      "mass": 1642.0,
      "length": 4.971,
      "width": 1.87,
      "height": 1.383,
      "center_of_gravity_height": 0.34575
    },
    "wheels": {
      "diameter": 0.6612,
      "width": 0.255,
      "front_wheel_axis_offset": 1.0,
      "max_turning_angle": 30.0,
      "front_track_width": 1.57988,
      "back_track_dist": 1.60274,
      "wheelbase": 2.812,
      "wheelbase_offset": 0.0
    },
    "powertrain": {
      "type": "electrical",
      "traction": "rear",
      "braking": "front",
      "max_braking_force": 5000.0,
      "motor": {
        "motor_efficiency": 0.7,
        "regen_efficiency": 0.5,
        "motor_peek_torque": 450.0
      },
      "battery": {
        "type": "infinite",
        "capacity": 1.8E8,
        "critical_charge": 10.0
      },
      "transmission_ratio": 9.0
    },
    "physics": {
      "type": "rigidbody"
    },
    "components": [
      {
        "type": "actuator",
        "name": "SteeringActuator",
        "priority": {},
        "buses": [
          "DefaultBus"
        ],
        "physical_value_name": "steering",
        "min": -30.0,
        "max": 30.0,
        "change_rate": 60.0,
        "sensor": {
          "type": "sensor",
          "name": "UnnamedComponent",
          "priority": {},
          "buses": [
            "DefaultBus"
          ],
          "update_interval": [
            0,
            100000000
          ],
          "read_time": [
            0,
            1000000
          ],
          "send_only_changed": false
        }
      },
      {
        "type": "actuator",
        "name": "BrakingActuator",
        "priority": {},
        "buses": [
          "DefaultBus"
        ],
        "physical_value_name": "braking",
        "min": 0.0,
        "max": 1.0,
        "change_rate": 10.0,
        "sensor": {
          "type": "sensor",
          "name": "UnnamedComponent",
          "priority": {},
          "buses": [
            "DefaultBus"
          ],
          "update_interval": [
            0,
            100000000
          ],
          "read_time": [
            0,
            1000000
          ],
          "send_only_changed": false
        }
      },
      {
        "type": "actuator",
        "name": "GasActuator",
        "priority": {},
        "buses": [
          "DefaultBus"
        ],
        "physical_value_name": "gas",
        "min": -0.5,
        "max": 1.0,
        "change_rate": "Infinity",
        "sensor": {
          "type": "sensor",
          "name": "UnnamedComponent",
          "priority": {},
          "buses": [
            "DefaultBus"
          ],
          "update_interval": [
            0,
            100000000
          ],
          "read_time": [
            0,
            1000000
          ],
          "send_only_changed": false
        }
      },
      {
        "type": "sensor",
        "name": "TrueVelocitySensor",
        "priority": {},
        "buses": [
          "DefaultBus"
        ],
        "physical_value_name": "true_velocity",
        "update_interval": [
          0,
          100000000
        ],
        "read_time": [
          0,
          10000000
        ],
        "send_only_changed": false
      },
      {
        "type": "sensor",
        "name": "TruePositionSensor",
        "priority": {},
        "buses": [
          "DefaultBus"
        ],
        "physical_value_name": "true_position",
        "update_interval": [
          0,
          100000000
        ],
        "read_time": [
          0,
          10000000
        ],
        "send_only_changed": false
      },
      {
        "type": "sensor",
        "name": "TrueCompassSensor",
        "priority": {},
        "buses": [
          "DefaultBus"
        ],
        "physical_value_name": "true_compass",
        "update_interval": [
          0,
          100000000
        ],
        "read_time": [
          0,
          10000000
        ],
        "send_only_changed": false
      },
      {
        "type": "navigation",
        "name": "Navigation",
        "priority": {},
        "buses": [
          "DefaultBus"
        ]
      },
      {
        "type": "constant_bus",
        "name": "DefaultBus",
        "priority": {},
        "mode": "instant",
        "rate": 0.0
      },
      {
        "type": "java_autopilot",
        "name": "TestAutopilot",
        "priority": {},
        "buses": [
          "DefaultBus"
        ],
        "compute_time": [
          0,
          0
        ]
      }
    ],
    "start_coords": [
      0.0,
      0.0
    ]
  },
  "state": {
    "eesystem": {
      "components": {
        "SteeringActuator": {
          "sensor": {
            "nextUpdate": [
              243,
              210000000
            ]
          },
          "targetValue": -56.69885566204579
        },
        "BrakingActuator": {
          "sensor": {
            "nextUpdate": [
              243,
              210000000
            ]
          },
          "targetValue": 1.0
        },
        "GasActuator": {
          "sensor": {
            "nextUpdate": [
              243,
              210000000
            ]
          },
          "targetValue": "Infinity"
        },
        "TrueVelocitySensor": {
          "logic": {
            "nextUpdate": [
              243,
              210000000
            ]
          }
        },
        "TruePositionSensor": {
          "logic": {
            "nextUpdate": [
              243,
              210000000
            ]
          }
        },
        "TrueCompassSensor": {
          "logic": {
            "nextUpdate": [
              243,
              210000000
            ]
          }
        },
        "Navigation": {
          "targets": [
            [
              -63.83,
              -171.96
            ]
          ],
          "currentPath": {
            "trajectoryX": [
              18,
              0.0,
              -2.3721876315154202,
              -2.1798136749816006,
              4.211962552465172,
              4.289310779669538,
              3.1923722851743537,
              -9.68962336796794,
              -18.338561497475773,
              -23.091961640246605,
              -42.70325305754577,
              -45.76905551645384,
              -49.706783445404504,
              -76.86304284074316,
              -92.37487821783468,
              -107.28902274852298,
              -76.17394045318929,
              -63.41763696847143,
              -63.83
            ],
            "trajectoryY": [
              18,
              0.0,
              -0.12404716846665131,
              -3.8028664914396786,
              -3.4692817115581356,
              -7.083116827073201,
              -8.372977976211862,
              -11.419718966323348,
              -13.64361749913033,
              -15.689604149597187,
              -30.64532178345498,
              -33.9255721190885,
              -38.32889121431496,
              -75.87941794250301,
              -97.71810153550507,
              -114.73092531183404,
              -155.4727464348806,
              -171.6345266987817,
              -171.96
            ]
          },
          "currentPos": [
            -55.21891446465979,
            -156.55535838326972
          ]
        },
        "DefaultBus": {},
        "TestAutopilot": {
          "currentVelocity": 0.16412682919938976,
          "currentPosition": [
            -55.21891446465979,
            -156.55535838326972
          ],
          "currentCompass": -0.5307416229571662,
          "newTrajX": [
            3,
            -76.17394045318929,
            -63.41763696847143,
            -63.83
          ],
          "trajX": [
            3,
            -76.17394045318929,
            -63.41763696847143,
            -63.83
          ],
          "trajY": [
            3,
            -155.4727464348806,
            -171.6345266987817,
            -171.96
          ],
          "lastTime": [
            0,
            130000000
          ],
          "currSeg": {
            "posStart": [
              -76.17394045318929,
              -155.4727464348806
            ],
            "posEnd": [
              -63.41763696847143,
              -171.6345266987817
            ],
            "dir": [
              0.6195546219961837,
              -0.7849535466275479
            ],
            "normal": [
              0.7849535466275479,
              0.6195546219961837
            ],
            "relPos": [
              20.9550259885295,
              -1.0826119483891148
            ],
            "length": 20.589473521507255,
            "projPos": 13.832583293752995,
            "orthoPos": 15.7779847329159,
            "dist": 15.7779847329159,
            "projDistToEnd": 6.75689022775426
          },
          "nextSeg": {
            "posStart": [
              -63.41763696847143,
              -171.6345266987817
            ],
            "posEnd": [
              -63.83,
              -171.96
            ],
            "dir": [
              -0.7849535466275561,
              -0.6195546219961732
            ],
            "normal": [
              0.6195546219961732,
              -0.7849535466275561
            ],
            "relPos": [
              8.198722503811638,
              15.079168315511993
            ],
            "length": 0.5253343122025901,
            "projPos": -15.777984732915808,
            "orthoPos": -6.756890227754472,
            "dist": 6.756890227754472,
            "projDistToEnd": 16.3033190451184
          },
          "relPos": [
            0.0,
            0.0
          ],
          "targetDir": [
            0.09468238022416166,
            0.9955075323045462
          ],
          "carDir": [
            0.9999690863905432,
            -0.007862967840607617
          ],
          "mode": 0,
          "target": 1
        }
      },
      "events": []
    },
    "powerTrain": {
      "steering": {
        "value": -30.0,
        "lastValue": -30.0,
        "min": -30.0,
        "max": 30.0
      },
      "braking": {
        "value": 1.0,
        "lastValue": 1.0,
        "min": 0.0,
        "max": 1.0
      },
      "gas": {
        "value": 1.0,
        "lastValue": 1.0,
        "min": -0.5,
        "max": 1.0
      },
      "battery": {
        "charge": "Infinity"
      }
    },
    "physicsModel": {},
    "physicalObject": {
      "pos": [
        -55.21405656534942,
        -156.55564988226178,
        0.917193483731693
      ],
      "rotation": [
        [
          0.9999434066960761,
          -0.010638320624572347,
          9.766951821286299E-5
        ],
        [
          -9.58824403493587E-5,
          1.684948587701105E-4,
          0.9999999812080198
        ],
        [
          -0.010638336881468698,
          -0.9999433972699512,
          1.674652949478353E-4
        ]
      ],
      "bbox": {
        "type": "obb",
        "offset": [
          0.0,
          0.0,
          0.0
        ],
        "half_extent": [
          2.4855,
          0.935,
          0.6915
        ],
        "axes": [
          [
            1.0,
            0.0,
            0.0
          ],
          [
            0.0,
            1.0,
            0.0
          ],
          [
            0.0,
            0.0,
            1.0
          ]
        ]
      },
      "velocity": [
        0.04275793350221739,
        -0.02454458186593509,
        0.0035597861690891165
      ],
      "angularVelocity": [
        -0.06483655695742871,
        0.0031487695879961887,
        -0.011383350216407864
      ],
      "mass": 1642.0,
      "Jl": [
        [
          740.2120948333335,
          0.0,
          0.0
        ],
        [
          0.0,
          3642.9863550000005,
          0.0
        ],
        [
          0.0,
          0.0,
          3859.7592268333337
        ]
      ],
      "J": [
        [
          740.5651738070459,
          33.184867948387534,
          -0.28388271074674365
        ],
        [
          33.184867948387534,
          3859.4061694708435,
          -0.033283780582784805
        ],
        [
          -0.28388271074674365,
          -0.033283780582784805,
          3642.986333388778
        ]
      ],
      "Jl_i": [
        [
          0.0013509641452496943,
          0.0,
          0.0
        ],
        [
          0.0,
          2.745000674041778E-4,
          0.0
        ],
        [
          0.0,
          0.0,
          2.5908351822774995E-4
        ]
      ],
      "J_i": [
        [
          0.0013508405626241555,
          -1.161511906793125E-5,
          1.0515924315297562E-7
        ],
        [
          -1.1615119067931248E-5,
          2.59207091016889E-4,
          1.4631019625438299E-9
        ],
        [
          1.0515924315297565E-7,
          1.4631019625438166E-9,
          2.745000772405776E-4
        ]
      ],
      "R_T": [
        [
          0.9999434066960761,
          -9.58824403493587E-5,
          -0.010638336881468698
        ],
        [
          -0.010638320624572347,
          1.684948587701105E-4,
          -0.9999433972699512
        ],
        [
          9.766951821286299E-5,
          0.9999999812080198,
          1.674652949478353E-4
        ]
      ],
      "F": [
        0.0,
        0.0,
        0.0
      ],
      "T": [
        0.0,
        0.0,
        0.0
      ]
    },
    "carStatus": "SUCCEEDED",
    "target": [
      -63.83,
      -171.96
    ],
    "a": [
      -66.49561825127303,
      -167.82087837302964
    ]
  }
}