{
  "config": {
    "name": "UnnamedCar",
    "body": {
      "mass": 1642.0,
      "length": 4.971,
      "width": 1.87,
      "height": 1.383,
      "center_of_gravity_height": 0.34575
    },
    "wheels": {
      "diameter": 0.6612,
      "width": 0.255,
      "front_wheel_axis_offset": 1.0,
      "max_turning_angle": 30.0,
      "front_track_width": 1.57988,
      "back_track_dist": 1.60274,
      "wheelbase": 2.812,
      "front_wheels_depth": 1.406,
      "back_wheels_depth": 1.406
    },
    "powertrain": {
      "type": "electrical",
      "traction": "rear",
      "braking": "rear",
      "max_braking_force": 5000.0,
      "motor": {
        "motor_efficiency": 0.7,
        "regen_efficiency": 0.5,
        "motor_peek_torque": 450.0
      },
      "battery": {
        "type": "infinite",
        "capacity": 1.8E8,
        "critical_charge": 10.0
      },
      "transmission_ratio": 9.0
    },
    "physics": {
      "type": "rigidbody"
    },
    "components": [
      {
        "type": "actuator",
        "name": "SteeringActuator",
        "priority": {},
        "buses": [
          "DefaultBus"
        ],
        "physical_value_name": "steering",
        "min": -30.0,
        "max": 30.0,
        "change_rate": 60.0,
        "sensor": {
          "type": "sensor",
          "name": "UnnamedComponent",
          "priority": {},
          "buses": [
            "DefaultBus"
          ],
          "update_interval": [
            0,
            100000000
          ],
          "read_time": [
            0,
            1000000
          ],
          "send_only_changed": false
        }
      },
      {
        "type": "actuator",
        "name": "BrakingActuator",
        "priority": {},
        "buses": [
          "DefaultBus"
        ],
        "physical_value_name": "braking",
        "min": 0.0,
        "max": 1.0,
        "change_rate": 10.0,
        "sensor": {
          "type": "sensor",
          "name": "UnnamedComponent",
          "priority": {},
          "buses": [
            "DefaultBus"
          ],
          "update_interval": [
            0,
            100000000
          ],
          "read_time": [
            0,
            1000000
          ],
          "send_only_changed": false
        }
      },
      {
        "type": "actuator",
        "name": "GasActuator",
        "priority": {},
        "buses": [
          "DefaultBus"
        ],
        "physical_value_name": "gas",
        "min": -0.5,
        "max": 1.0,
        "change_rate": "Infinity",
        "sensor": {
          "type": "sensor",
          "name": "UnnamedComponent",
          "priority": {},
          "buses": [
            "DefaultBus"
          ],
          "update_interval": [
            0,
            100000000
          ],
          "read_time": [
            0,
            1000000
          ],
          "send_only_changed": false
        }
      },
      {
        "type": "sensor",
        "name": "TrueVelocitySensor",
        "priority": {},
        "buses": [
          "DefaultBus"
        ],
        "physical_value_name": "true_velocity",
        "update_interval": [
          0,
          100000000
        ],
        "read_time": [
          0,
          10000000
        ],
        "send_only_changed": false
      },
      {
        "type": "sensor",
        "name": "TruePositionSensor",
        "priority": {},
        "buses": [
          "DefaultBus"
        ],
        "physical_value_name": "true_position",
        "update_interval": [
          0,
          100000000
        ],
        "read_time": [
          0,
          10000000
        ],
        "send_only_changed": false
      },
      {
        "type": "sensor",
        "name": "TrueCompassSensor",
        "priority": {},
        "buses": [
          "DefaultBus"
        ],
        "physical_value_name": "true_compass",
        "update_interval": [
          0,
          100000000
        ],
        "read_time": [
          0,
          10000000
        ],
        "send_only_changed": false
      },
      {
        "type": "navigation",
        "name": "Navigation",
        "priority": {},
        "buses": [
          "DefaultBus"
        ]
      },
      {
        "type": "constant_bus",
        "name": "DefaultBus",
        "priority": {},
        "buses": [
          "DefaultBus"
        ],
        "mode": "instant",
        "rate": 0.0
      },
      {
        "type": "java_autopilot",
        "name": "TestAutopilot",
        "priority": {},
        "buses": [
          "DefaultBus"
        ],
        "compute_time": [
          0,
          0
        ]
      }
    ]
  },
  "state": {
    "eesimulator": {
      "components": {
        "SteeringActuator": {
          "sensor": {
            "nextUpdate": [
              30,
              250000000
            ]
          },
          "targetValue": -18.761975607207734
        },
        "BrakingActuator": {
          "sensor": {
            "nextUpdate": [
              30,
              250000000
            ]
          },
          "targetValue": 0.0
        },
        "GasActuator": {
          "sensor": {
            "nextUpdate": [
              30,
              250000000
            ]
          },
          "targetValue": "-Infinity"
        },
        "TrueVelocitySensor": {
          "logic": {
            "nextUpdate": [
              30,
              250000000
            ]
          }
        },
        "TruePositionSensor": {
          "logic": {
            "nextUpdate": [
              30,
              250000000
            ]
          }
        },
        "TrueCompassSensor": {
          "logic": {
            "nextUpdate": [
              30,
              250000000
            ]
          }
        },
        "Navigation": {
          "targets": [
            [
              -63.83,
              -171.96
            ]
          ],
          "currentPath": {
            "trajectoryX": [
              18,
              0.0,
              -2.3721876315154202,
              -2.1798136749816006,
              4.211962552465172,
              4.289310779669538,
              3.1923722851743537,
              -9.68962336796794,
              -18.338561497475773,
              -23.091961640246605,
              -42.70325305754577,
              -45.76905551645384,
              -49.706783445404504,
              -76.86304284074316,
              -92.37487821783468,
              -107.28902274852298,
              -76.17394045318929,
              -63.41763696847143,
              -63.83
            ],
            "trajectoryY": [
              18,
              0.0,
              -0.12404716846665131,
              -3.8028664914396786,
              -3.4692817115581356,
              -7.083116827073201,
              -8.372977976211862,
              -11.419718966323348,
              -13.64361749913033,
              -15.689604149597187,
              -30.64532178345498,
              -33.9255721190885,
              -38.32889121431496,
              -75.87941794250301,
              -97.71810153550507,
              -114.73092531183404,
              -155.4727464348806,
              -171.6345266987817,
              -171.96
            ]
          },
          "currentPos": [
            -65.64743600781166,
            -166.04642659176082
          ]
        },
        "DefaultBus": {},
        "TestAutopilot": {
          "currentVelocity": 32.82458376983168,
          "currentPosition": [
            -65.64743600781166,
            -166.04642659176082
          ],
          "currentCompass": -53.33681544513767,
          "newTrajX": [
            3,
            -76.17394045318929,
            -63.41763696847143,
            -63.83
          ],
          "trajX": [
            3,
            -76.17394045318929,
            -63.41763696847143,
            -63.83
          ],
          "trajY": [
            3,
            -155.4727464348806,
            -171.6345266987817,
            -171.96
          ],
          "lastTime": [
            0,
            130000000
          ],
          "currSeg": {
            "posStart": [
              -76.17394045318929,
              -155.4727464348806
            ],
            "posEnd": [
              -63.41763696847143,
              -171.6345266987817
            ],
            "dir": [
              0.6195546219961837,
              -0.7849535466275479
            ],
            "normal": [
              0.7849535466275479,
              0.6195546219961837
            ],
            "relPos": [
              10.526504445377626,
              -10.573680156880215
            ],
            "length": 20.589473521507255,
            "projPos": 14.821592222645535,
            "orthoPos": 1.7118445852853457,
            "dist": 1.7118445852853457,
            "projDistToEnd": 5.76788129886172
          },
          "nextSeg": {
            "posStart": [
              -63.41763696847143,
              -171.6345266987817
            ],
            "posEnd": [
              -63.83,
              -171.96
            ],
            "dir": [
              -0.7849535466275561,
              -0.6195546219961732
            ],
            "normal": [
              0.6195546219961732,
              -0.7849535466275561
            ],
            "relPos": [
              -2.229799039340236,
              5.588100107020892
            ],
            "length": 0.5253343122025901,
            "projPos": -1.7118445852852684,
            "orthoPos": -5.767881298861745,
            "dist": 5.767881298861745,
            "projDistToEnd": 2.2371788974878584
          },
          "relPos": [
            0.0,
            0.0
          ],
          "targetDir": [
            0.23123601744264682,
            0.9728976843621656
          ],
          "carDir": [
            0.6905554686712891,
            -0.7232794374846946
          ],
          "mode": 0,
          "target": 1
        }
      },
      "events": [
        {
          "type": "send",
          "time": [
            30,
            170000000
          ],
          "target": "Navigation",
          "msg": {
            "sender": "Navigation",
            "name": "trajectory_y",
            "message": [
              3,
              -155.4727464348806,
              -171.6345266987817,
              -171.96
            ],
            "length": 24
          }
        }
      ]
    },
    "powerTrain": {
      "steering": -23.399999999999984,
      "braking": 0.0,
      "gas": 1.0,
      "battery": {
        "charge": "Infinity"
      }
    },
    "physicsModel": {},
    "physicalObject": {
      "type": "rigidbody",
      "pos": [
        -65.6085505247547,
        -166.13197022829107,
        0.6872237735374712
      ],
      "rotation": [
        [
          0.5889565816205797,
          -0.8081635757502317,
          0.0013340901022254287
        ],
        [
          0.808164668755377,
          0.588955539044682,
          -0.001114093398271613
        ],
        [
          1.1465021328902962E-4,
          0.001734317060780508,
          0.9999984894986897
        ]
      ],
      "bbox": {
        "type": "obb",
        "offset": [
          0.0,
          0.0,
          0.0
        ],
        "half_extent": [
          2.4855,
          0.935,
          0.6915
        ],
        "axes": [
          [
            1.0,
            0.0,
            0.0
          ],
          [
            0.0,
            1.0,
            0.0
          ],
          [
            0.0,
            0.0,
            1.0
          ]
        ]
      },
      "velocity": [
        3.888548305695932,
        -8.554363653025474,
        -0.04635502980895065
      ],
      "angularVelocity": [
        -0.025545414299686854,
        0.004428512460589451,
        -1.01260613229662
      ],
      "mass": 1642.0,
      "Jl": [
        [
          740.2120948333335,
          0.0,
          0.0
        ],
        [
          0.0,
          3642.9863550000005,
          0.0
        ],
        [
          0.0,
          0.0,
          3859.7592268333337
        ]
      ],
      "J": [
        [
          2636.1014710406275,
          1381.6429619440016,
          -2.2559171381891012
        ],
        [
          1381.6429619440016,
          1747.102800010216,
          3.5056159722675018
        ],
        [
          -2.2559171381891012,
          3.505615972267501,
          3859.7534056158242
        ]
      ],
      "Jl_i": [
        [
          0.0013509641452496943,
          0.0,
          0.0
        ],
        [
          0.0,
          2.745000674041778E-4,
          0.0
        ],
        [
          0.0,
          0.0,
          2.5908351822774995E-4
        ]
      ],
      "J_i": [
        [
          6.478930058342507E-4,
          -5.123681162026007E-4,
          8.440331535847088E-7
        ],
        [
          -5.123681162026008E-4,
          9.77569244359285E-4,
          -1.187340930540791E-6
        ],
        [
          8.440331535847088E-7,
          -1.1873409305407908E-6,
          2.590854806880861E-4
        ]
      ],
      "R_T": [
        [
          0.5889565816205797,
          0.808164668755377,
          1.1465021328902962E-4
        ],
        [
          -0.8081635757502317,
          0.588955539044682,
          0.001734317060780508
        ],
        [
          0.0013340901022254287,
          -0.001114093398271613,
          0.9999984894986897
        ]
      ],
      "F": [
        0.0,
        0.0,
        0.0
      ],
      "T": [
        0.0,
        0.0,
        0.0
      ]
    },
    "carStatus": "RUNNING",
    "target": [
      -63.83,
      -171.96
    ],
    "a": [
      -65.6085505247547,
      -166.13197022829107
    ]
  }
}