{
  "config": {
    "name": "UnnamedCar",
    "body": {
      "mass": 1642.0,
      "length": 4.971,
      "width": 1.87,
      "height": 1.383,
      "center_of_gravity_height": 0.34575
    },
    "wheels": {
      "diameter": 0.6612,
      "width": 0.255,
      "front_wheel_axis_offset": 1.0,
      "max_turning_angle": 30.0,
      "front_track_width": 1.57988,
      "back_track_dist": 1.60274,
      "wheelbase": 2.812,
      "front_wheels_depth": 1.406,
      "back_wheels_depth": 1.406
    },
    "powertrain": {
      "type": "electrical",
      "traction": "rear",
      "braking": "rear",
      "max_braking_force": 5000.0,
      "motor": {
        "motor_efficiency": 0.7,
        "regen_efficiency": 0.5,
        "motor_peek_torque": 450.0
      },
      "battery": {
        "type": "infinite",
        "capacity": 1.8E8,
        "critical_charge": 10.0
      },
      "transmission_ratio": 9.0
    },
    "physics": {
      "type": "rigidbody"
    },
    "components": [
      {
        "type": "actuator",
        "name": "SteeringActuator",
        "priority": {},
        "buses": [
          "DefaultBus"
        ],
        "physical_value_name": "steering",
        "min": -30.0,
        "max": 30.0,
        "change_rate": 60.0,
        "sensor": {
          "type": "sensor",
          "name": "UnnamedComponent",
          "priority": {},
          "buses": [
            "DefaultBus"
          ],
          "update_interval": [
            0,
            100000000
          ],
          "read_time": [
            0,
            1000000
          ],
          "send_only_changed": false
        }
      },
      {
        "type": "actuator",
        "name": "BrakingActuator",
        "priority": {},
        "buses": [
          "DefaultBus"
        ],
        "physical_value_name": "braking",
        "min": 0.0,
        "max": 1.0,
        "change_rate": 10.0,
        "sensor": {
          "type": "sensor",
          "name": "UnnamedComponent",
          "priority": {},
          "buses": [
            "DefaultBus"
          ],
          "update_interval": [
            0,
            100000000
          ],
          "read_time": [
            0,
            1000000
          ],
          "send_only_changed": false
        }
      },
      {
        "type": "actuator",
        "name": "GasActuator",
        "priority": {},
        "buses": [
          "DefaultBus"
        ],
        "physical_value_name": "gas",
        "min": -0.5,
        "max": 1.0,
        "change_rate": "Infinity",
        "sensor": {
          "type": "sensor",
          "name": "UnnamedComponent",
          "priority": {},
          "buses": [
            "DefaultBus"
          ],
          "update_interval": [
            0,
            100000000
          ],
          "read_time": [
            0,
            1000000
          ],
          "send_only_changed": false
        }
      },
      {
        "type": "sensor",
        "name": "TrueVelocitySensor",
        "priority": {},
        "buses": [
          "DefaultBus"
        ],
        "physical_value_name": "true_velocity",
        "update_interval": [
          0,
          100000000
        ],
        "read_time": [
          0,
          10000000
        ],
        "send_only_changed": false
      },
      {
        "type": "sensor",
        "name": "TruePositionSensor",
        "priority": {},
        "buses": [
          "DefaultBus"
        ],
        "physical_value_name": "true_position",
        "update_interval": [
          0,
          100000000
        ],
        "read_time": [
          0,
          10000000
        ],
        "send_only_changed": false
      },
      {
        "type": "sensor",
        "name": "TrueCompassSensor",
        "priority": {},
        "buses": [
          "DefaultBus"
        ],
        "physical_value_name": "true_compass",
        "update_interval": [
          0,
          100000000
        ],
        "read_time": [
          0,
          10000000
        ],
        "send_only_changed": false
      },
      {
        "type": "navigation",
        "name": "Navigation",
        "priority": {},
        "buses": [
          "DefaultBus"
        ]
      },
      {
        "type": "constant_bus",
        "name": "DefaultBus",
        "priority": {},
        "buses": [
          "DefaultBus"
        ],
        "mode": "instant",
        "rate": 0.0
      },
      {
        "type": "java_autopilot",
        "name": "TestAutopilot",
        "priority": {},
        "buses": [
          "DefaultBus"
        ],
        "compute_time": [
          0,
          0
        ]
      }
    ]
  },
  "state": {
    "eesimulator": {
      "components": {
        "SteeringActuator": {
          "sensor": {
            "nextUpdate": [
              6,
              50000000
            ]
          },
          "targetValue": 48.69053678498651
        },
        "BrakingActuator": {
          "sensor": {
            "nextUpdate": [
              6,
              50000000
            ]
          },
          "targetValue": 0.0
        },
        "GasActuator": {
          "sensor": {
            "nextUpdate": [
              6,
              50000000
            ]
          },
          "targetValue": "-Infinity"
        },
        "TrueVelocitySensor": {
          "logic": {
            "nextUpdate": [
              6,
              50000000
            ]
          }
        },
        "TruePositionSensor": {
          "logic": {
            "nextUpdate": [
              6,
              50000000
            ]
          }
        },
        "TrueCompassSensor": {
          "logic": {
            "nextUpdate": [
              6,
              50000000
            ]
          }
        },
        "Navigation": {
          "targets": [
            [
              -63.83,
              -171.96
            ]
          ],
          "currentPath": {
            "trajectoryX": [
              18,
              0.0,
              -2.3721876315154202,
              -2.1798136749816006,
              4.211962552465172,
              4.289310779669538,
              3.1923722851743537,
              -9.68962336796794,
              -18.338561497475773,
              -23.091961640246605,
              -42.70325305754577,
              -45.76905551645384,
              -49.706783445404504,
              -76.86304284074316,
              -92.37487821783468,
              -107.28902274852298,
              -76.17394045318929,
              -63.41763696847143,
              -63.83
            ],
            "trajectoryY": [
              18,
              0.0,
              -0.12404716846665131,
              -3.8028664914396786,
              -3.4692817115581356,
              -7.083116827073201,
              -8.372977976211862,
              -11.419718966323348,
              -13.64361749913033,
              -15.689604149597187,
              -30.64532178345498,
              -33.9255721190885,
              -38.32889121431496,
              -75.87941794250301,
              -97.71810153550507,
              -114.73092531183404,
              -155.4727464348806,
              -171.6345266987817,
              -171.96
            ]
          },
          "currentPos": [
            -19.889621889067694,
            -10.921222990568737
          ]
        },
        "DefaultBus": {},
        "TestAutopilot": {
          "currentVelocity": 30.7304439181972,
          "currentPosition": [
            -19.889621889067694,
            -10.921222990568737
          ],
          "currentCompass": -144.49731009228105,
          "newTrajX": [
            10,
            -18.338561497475773,
            -23.091961640246605,
            -42.70325305754577,
            -45.76905551645384,
            -49.706783445404504,
            -76.86304284074316,
            -92.37487821783468,
            -107.28902274852298,
            -76.17394045318929,
            -63.41763696847143
          ],
          "trajX": [
            10,
            -18.338561497475773,
            -23.091961640246605,
            -42.70325305754577,
            -45.76905551645384,
            -49.706783445404504,
            -76.86304284074316,
            -92.37487821783468,
            -107.28902274852298,
            -76.17394045318929,
            -63.41763696847143
          ],
          "trajY": [
            10,
            -13.64361749913033,
            -15.689604149597187,
            -30.64532178345498,
            -33.9255721190885,
            -38.32889121431496,
            -75.87941794250301,
            -97.71810153550507,
            -114.73092531183404,
            -155.4727464348806,
            -171.6345266987817
          ],
          "lastTime": [
            0,
            130000000
          ],
          "currSeg": {
            "posStart": [
              -18.338561497475773,
              -13.64361749913033
            ],
            "posEnd": [
              -23.091961640246605,
              -15.689604149597187
            ],
            "dir": [
              -0.9185271534456512,
              -0.39535789910286273
            ],
            "normal": [
              0.39535789910286273,
              -0.9185271534456512
            ],
            "relPos": [
              -1.5510603915919212,
              2.722394508561594
            ],
            "length": 5.1750240860485235,
            "projPos": 0.34837091287714195,
            "orthoPos": -3.113817256306599,
            "dist": 3.113817256306599,
            "projDistToEnd": 4.8266531731713815
          },
          "nextSeg": {
            "posStart": [
              -23.091961640246605,
              -15.689604149597187
            ],
            "posEnd": [
              -42.70325305754577,
              -30.64532178345498
            ],
            "dir": [
              -0.7951622729911606,
              -0.6063967015176872
            ],
            "normal": [
              0.6063967015176872,
              -0.7951622729911606
            ],
            "relPos": [
              3.2023397511789113,
              4.768381159028451
            ],
            "length": 24.663256901672916,
            "projPos": -5.437910361851309,
            "orthoPos": -1.8497485386474244,
            "dist": 1.8497485386474244,
            "projDistToEnd": 30.101167263524225
          },
          "relPos": [
            0.0,
            0.0
          ],
          "targetDir": [
            0.7722172602623475,
            0.6353585625085365
          ],
          "carDir": [
            -0.8853785084027052,
            -0.46487083889893643
          ],
          "mode": 0,
          "target": 1
        }
      },
      "events": []
    },
    "powerTrain": {
      "steering": 30.0,
      "braking": 0.0,
      "gas": -0.5,
      "battery": {
        "charge": "Infinity"
      }
    },
    "physicsModel": {},
    "physicalObject": {
      "type": "rigidbody",
      "pos": [
        -20.342159292421346,
        -11.557891975265491,
        0.6815323409375669
      ],
      "rotation": [
        [
          -0.7467040639151694,
          -0.6651544697253815,
          -0.0016038506530543209
        ],
        [
          0.6651452847965487,
          -0.7467033532626417,
          0.003981499622540266
        ],
        [
          -0.0038459127488009977,
          0.001906208279879593,
          0.999990787620127
        ]
      ],
      "bbox": {
        "type": "obb",
        "offset": [
          0.0,
          0.0,
          0.0
        ],
        "half_extent": [
          2.4855,
          0.935,
          0.6915
        ],
        "axes": [
          [
            1.0,
            0.0,
            0.0
          ],
          [
            0.0,
            1.0,
            0.0
          ],
          [
            0.0,
            0.0,
            1.0
          ]
        ]
      },
      "velocity": [
        -4.604158589838374,
        -7.1921475973913624,
        -0.01577759503612282
      ],
      "angularVelocity": [
        0.006501991704631938,
        0.004111161820799607,
        1.181428621796837
      ],
      "mass": 1642.0,
      "Jl": [
        [
          740.2120948333335,
          0.0,
          0.0
        ],
        [
          0.0,
          3642.9863550000005,
          0.0
        ],
        [
          0.0,
          0.0,
          3859.7592268333337
        ]
      ],
      "J": [
        [
          2024.4985441946899,
          -1441.732773277342,
          -4.310048888255359
        ],
        [
          -1441.7327732773422,
          2358.711366517043,
          -2.683493504905747
        ],
        [
          -4.310048888255359,
          -2.683493504905748,
          3859.747765954932
        ]
      ],
      "Jl_i": [
        [
          0.0013509641452496943,
          0.0,
          0.0
        ],
        [
          0.0,
          2.745000674041778E-4,
          0.0
        ],
        [
          0.0,
          0.0,
          2.5908351822774995E-4
        ]
      ],
      "J_i": [
        [
          8.74700641806787E-4,
          5.346513433560724E-4,
          1.348465524654272E-6
        ],
        [
          5.346513433560723E-4,
          7.507605177735389E-4,
          1.1189940789906827E-6
        ],
        [
          1.348465524654272E-6,
          1.1189940789906827E-6,
          2.5908657130129626E-4
        ]
      ],
      "R_T": [
        [
          -0.7467040639151694,
          0.6651452847965487,
          -0.0038459127488009977
        ],
        [
          -0.6651544697253815,
          -0.7467033532626417,
          0.001906208279879593
        ],
        [
          -0.0016038506530543209,
          0.003981499622540266,
          0.999990787620127
        ]
      ],
      "F": [
        0.0,
        0.0,
        0.0
      ],
      "T": [
        0.0,
        0.0,
        0.0
      ]
    },
    "carStatus": "RUNNING",
    "target": [
      -63.83,
      -171.96
    ],
    "a": [
      -20.342159292421346,
      -11.557891975265491
    ]
  }
}