currentVelocity : 8.31101e+006
desiredVelocity : 7.40224
error : -8.31101e+006
