currentVelocity : 5.96108e+006
desiredVelocity : 8.35107
error : -5.96108e+006
