error : 4.25462e+006
controlSignal : -1.37358e+006
engine : -1.37358e+006
brakes : 0
