input : 5.81082e+006
output : 5.81082e+006
