currentVelocity : 2.64321e+006
desiredVelocity : 0.877046
error : -2.64321e+006
