currentVelocity : -3.45587e+006
desiredVelocity : 3.11098e+006
engine : 5.49719e+006
brakes : 0
