currentVelocity : 4.86116e+006
desiredVelocity : 11.7957
error : -4.86116e+006
