paramP : 481855
paramI : -9.15448e+006
paramD : -9.27013e+006
paramDecayCoefficient : 8.372e+006
error : 1.30752e+006
control : 1.24952e+046
