paramP : -5.69942e+006
paramI : 6.98268e+006
paramD : 1.90818e+006
paramDecayCoefficient : -5.61925e+006
error : -9.7902e+006
control : 2.83933e+032
