currentVelocity : 5.90115e+006
desiredVelocity : 2.23495
error : -5.90115e+006
