paramP : -3.35052e+006
paramI : 8.24641e+006
paramD : 7.73813e+006
paramDecayCoefficient : -1.96974e+006
error : -2.09004e+006
control : -1.02326e+013
