currentVelocity : 4.04329e+006
desiredVelocity : -5.93673e+006
engine : 0
brakes : 176.703
