paramP : -4.63895e+006
paramI : 654910
paramD : -5.37126e+006
paramDecayCoefficient : 1.03877e+006
error : 7.29837e+006
control : -4.73912e+024
