paramP : -2.50901e+006
paramI : 5.63446e+006
paramD : -7.37288e+006
paramDecayCoefficient : 9.63694e+006
error : -8.1774e+006
control : 1.55161e+072
