paramP : -2.80741e+006
paramI : 667766
paramD : 2.69515e+006
paramDecayCoefficient : 2.89164e+006
error : -911139
control : 1.90816e+064
