currentVelocity : 3.90961e+006
desiredVelocity : 8.74232
error : -3.90961e+006
