paramP : 7.19293e+006
paramI : 8.74442e+006
paramD : -9.92078e+006
paramDecayCoefficient : -2.99924e+006
error : -2.39974e+006
control : 8.64128e+058
