currentVelocity : -4.95765e+006
desiredVelocity : 6.72109e+006
engine : 1.18764e+007
brakes : 0
