error : -5.11055e+006
controlSignal : 3.62736e+006
engine : 0
brakes : 3.62736e+006
