error : -2.51414e+006
controlSignal : 3.35227e+006
engine : 0
brakes : 3.35227e+006
