input : 8.05306e+006
output : 8.05306e+006
