input : -8.88211e+006
output : 8.88211e+006
