input : -4.69217e+006
output : 4.69217e+006
