input : 3.89685e+006
output : 3.89685e+006
