currentVelocity : 9.12446e+006
desiredVelocity : 1.51394
error : -9.12446e+006
