currentVelocity : 6.65679e+006
desiredVelocity : 9.68353
error : -6.65679e+006
