currentVelocity : 7.03924e+006
desiredVelocity : 11.7836
error : -7.03924e+006
