currentVelocity : 595598
desiredVelocity : 5.92901e+006
engine : 1.95407e+007
brakes : 0
