currentVelocity : -63990.1
desiredVelocity : 3.35791e+006
engine : 5.93352e+006
brakes : 0
