input : -3.31704e+006
output : 3.31704e+006
