currentVelocity : 9.50143e+006
desiredVelocity : 672766
engine : 0
brakes : 3.13146e+007
