currentVelocity : 8.24659e+006
desiredVelocity : 9.28597e+006
engine : 3.06045e+007
brakes : 0
