paramP : 7.48348e+006
paramI : 1.52867e+006
paramD : -1.11234e+006
paramDecayCoefficient : 2.41393e+006
error : -9.16606e+006
control : -5.03675e+051
