paramP : -4.59075e+006
paramI : -5.56741e+006
paramD : -9.08603e+006
paramDecayCoefficient : 3.33305e+006
error : -918677
control : 3.87838e+019
