input : 6.44525e+006
output : 6.44525e+006
