error : 2.22074e+006
controlSignal : -3.59068e+006
engine : -3.59068e+006
brakes : 0
