paramP : 30739.4
paramI : -1.61555e+006
paramD : 3.24033e+006
paramDecayCoefficient : -4.00947e+006
error : 6.56576e+006
control : 2.63391e+038
