currentVelocity : 6.69995e+006
desiredVelocity : 8.53042
error : -6.69995e+006
