input : 9.34532e+006
output : 9.34532e+006
