currentVelocity : 6.15309e+006
desiredVelocity : 7.15305
error : -6.15309e+006
