currentVelocity : 5.05809e+006
desiredVelocity : 1.89506
error : -5.05809e+006
