input : 1.74837e+006
output : 1.74837e+006
