currentVelocity : 4.50718e+006
desiredVelocity : 7.46896
error : -4.50718e+006
