currentVelocity : 4.76814e+006
desiredVelocity : 13.1119
error : -4.76814e+006
