currentVelocity : 9.55952e+006
desiredVelocity : 11.5264
error : -9.55952e+006
